id	Type	QL-XII-47_0.37	GDC-0941_0.37	AS-601245_1.11	dasatinib_0.37	GSK-1059615_1.11	NVP-BEZ235_0.04	crizotinib_10	PHA-665752_10	trametinib_3.33	NVP-BEZ235_0.37	BRD-K54997624_3.33	BRD-K88573743_0.12	QL-X-138_10	BRD-K54997624_10	BRD-K94012289_10	GSK-2126458_1.11	afatinib_10	ZSTK-474_3.33	neratinib_3.33	BRD-K54997624_1.11	JW-7-24-1_10	BRD-A18328003_0.37	GSK-1059615_3.33	GDC-0941_1.11	AZD-8055_0.12	PI-103_0.37	JW-7-24-1_3.33	WYE-125132_0.37	BRD-K88573743_1.11	BRD-K20696416_10	NVP-BEZ235_1.11	NVP-TAE684_10	BRD-K29395450_10	AZD-8055_10	trametinib_1.11	nilotinib_10	LDN-193189_3.33	AS-605240_10	GSK-2126458_0.37	torin-2_0.04	torin-1_10	PI-103_1.11	QL-XII-47_1.11	BRD-A18328003_0.04	JW-7-24-1_1.11	foretinib_10	sorafenib_10	PD-0325901_10	saracatinib_10	AZD-8055_0.04	GSK-1059615_10	canertinib_3.33	WYE-125132_3.33	trametinib_0.37	PD-0325901_1.11	AZD-6482_10	SU-11274_10	NVP-BEZ235_3.33	QL-X-138_1.11	BRD-U51024685_10	PI-103_3.33	torin-2_0.12	ZSTK-474_10	BRD-U61997977_10	AZD-8055_0.37	selumetinib_3.33	GDC-0941_10	BRD-A18328003_0.12	torin-2_3.33	QL-X-138_3.33	JNK-9L_10	AZD-8055_3.33	NVP-BEZ235_10	BRD-A18328003_1.11	GSK-2126458_0.12	BRD-U60236422_10	BRD-K94012289_3.33	torin-1_0.37	BRD-U60236422_1.11	GSK-2126458_3.33	AKT-inhibitor-1-2_10	dovitinib_10	PI-103_10	AZD-8330_10	buparlisib_10	WYE-125132_0.04	JNK-9L_0.37	torin-1_1.11	torin-2_0.37	BRD-K88573743_10	ZSTK-474_0.37	GSK-2126458_0.04	AZD-8055_1.11	PD-184352_10	BRD-K88573743_3.33	trametinib_10	BRD-A18328003_3.33	JNK-9L_3.33	BRD-K94012289_1.11	MK-2206_10	ZSTK-474_1.11	GSK-690693_3.33	dasatinib_10	BRD-U61997977_3.33	torin-1_0.12	JNK-9L_1.11	WYE-125132_1.11	GDC-0941_3.33	buparlisib_1.11	buparlisib_3.33	BRD-K88573743_0.37	LDN-193189_1.11	BRD-K94012289_0.37	QL-XII-47_0.12	BRD-A18328003_10	linifanib_10	NVP-TAE684_3.33	NVP-BEZ235_0.12	canertinib_10	pelitinib_3.33	torin-1_0.04	WYE-125132_10	dasatinib_3.33	WYE-125132_0.12
ALK2	Genomic_Event	0	0	0	0	0	0	0	0	0	0	0	0	0	0	0	0	0	0	0	0	0	0	0	0	0	0	0	0	0	0	0	0	0	0	0	0	1	0	0	0	0	0	0	0	0	0	0	0	0	0	0	0	0	0	0	0	0	0	0	0	0	0	0	0	0	0	0	0	0	0	0	0	0	0	0	0	0	0	0	0	0	0	0	0	0	0	0	0	0	0	0	0	0	0	0	0	0	0	0	0	0	0	0	0	0	0	0	0	0	0	0	1	0	0	0	0	0	0	0	0	0	0	0	0
JNK3	Genomic_Event	0	0	1	0	0	0	0	0	0	0	0	0	0	0	0	0	0	0	0	0	0	0	0	0	0	0	0	0	0	0	0	0	0	0	0	0	0	0	0	0	0	0	0	0	0	0	0	0	0	0	0	0	0	0	0	0	0	0	0	0	0	0	0	0	0	0	0	0	0	0	0	0	0	0	0	0	0	0	0	0	0	0	0	0	0	0	0	0	0	0	0	0	0	0	0	0	0	0	0	0	0	0	0	0	0	0	0	0	0	0	0	0	0	0	0	0	0	0	0	0	0	0	0	0
HGFR	Genomic_Event	0	0	0	0	0	0	1	1	0	0	0	0	0	0	0	0	0	0	0	0	0	0	0	0	0	0	0	0	0	0	0	0	0	0	0	0	0	0	0	0	0	0	0	0	0	1	0	0	0	0	0	0	0	0	0	0	1	0	0	0	0	0	0	0	0	0	0	0	0	0	0	0	0	0	0	0	0	0	0	0	0	0	0	0	0	0	0	0	0	0	0	0	0	0	0	0	0	0	0	0	0	0	0	0	0	0	0	0	0	0	0	0	0	0	0	0	0	0	0	0	0	0	0	0
EGFR	Genomic_Event	0	0	0	0	0	0	0	0	0	0	0	0	0	0	0	0	1	0	1	0	0	0	0	0	0	0	0	0	0	0	0	0	0	0	0	0	0	0	0	0	0	0	0	0	0	0	0	0	0	0	0	1	0	0	0	0	0	0	0	0	0	0	0	0	0	0	0	0	0	0	0	0	0	0	0	0	0	0	0	0	0	0	0	0	0	0	0	0	0	0	0	0	0	0	0	0	0	0	0	0	0	0	0	0	0	0	0	0	0	0	0	0	0	0	0	0	0	0	1	1	0	0	0	0
FLT	Genomic_Event	0	0	0	0	0	0	0	0	0	0	0	0	0	0	0	0	0	0	0	0	0	0	0	0	0	0	0	0	0	0	0	0	0	0	0	0	0	0	0	0	0	0	0	0	0	0	0	0	0	0	0	0	0	0	0	0	0	0	0	0	0	0	0	0	0	0	0	0	0	0	0	0	0	0	0	0	0	0	0	0	0	1	0	0	0	0	0	0	0	0	0	0	0	0	0	0	0	0	0	0	0	0	0	0	0	0	0	0	0	0	0	0	0	0	0	1	0	0	0	0	0	0	0	0
AKT1	Genomic_Event	0	0	0	0	0	0	0	0	0	0	0	1	0	0	0	0	0	0	0	0	0	0	0	0	0	0	0	0	1	0	0	0	0	0	0	0	0	0	0	0	0	0	0	0	0	0	0	0	0	0	0	0	0	0	0	0	0	0	0	0	0	0	0	0	0	0	0	0	0	0	0	0	0	0	0	0	0	0	0	0	1	0	0	0	0	0	0	0	0	1	0	0	0	0	1	0	0	0	0	1	0	1	0	0	0	0	0	0	0	0	1	0	0	0	0	0	0	0	0	0	0	0	0	0
AKT2	Genomic_Event	0	0	0	0	0	0	0	0	0	0	0	1	0	0	0	0	0	0	0	0	0	0	0	0	0	0	0	0	1	0	0	0	0	0	0	0	0	0	0	0	0	0	0	0	0	0	0	0	0	0	0	0	0	0	0	0	0	0	0	0	0	0	0	0	0	0	0	0	0	0	0	0	0	0	0	0	0	0	0	0	1	0	0	0	0	0	0	0	0	1	0	0	0	0	1	0	0	0	0	1	0	1	0	0	0	0	0	0	0	0	1	0	0	0	0	0	0	0	0	0	0	0	0	0
AKT3	Genomic_Event	0	0	0	0	0	0	0	0	0	0	0	1	0	0	0	0	0	0	0	0	0	0	0	0	0	0	0	0	1	0	0	0	0	0	0	0	0	0	0	0	0	0	0	0	0	0	0	0	0	0	0	0	0	0	0	0	0	0	0	0	0	0	0	0	0	0	0	0	0	0	0	0	0	0	0	0	0	0	0	0	1	0	0	0	0	0	0	0	0	1	0	0	0	0	1	0	0	0	0	1	0	1	0	0	0	0	0	0	0	0	1	0	0	0	0	0	0	0	0	0	0	0	0	0
ABL1	Genomic_Event	0	0	0	1	0	0	0	0	0	0	0	0	0	0	0	0	0	0	0	0	0	0	0	0	0	0	0	0	0	0	0	0	0	0	0	1	0	0	0	0	0	0	0	0	0	0	0	0	0	0	0	0	0	0	0	0	0	0	0	1	0	0	0	0	0	0	0	0	0	0	0	0	0	0	0	0	0	0	0	0	0	0	0	0	0	0	0	0	0	0	0	0	0	0	0	0	0	0	0	0	0	0	1	0	0	0	0	0	0	0	0	0	0	0	0	0	0	0	0	0	0	0	1	0
JNK1	Genomic_Event	0	0	0	0	0	0	0	0	0	0	0	0	0	0	0	0	0	0	0	0	0	0	0	0	0	0	0	0	0	0	0	0	0	0	0	0	0	0	0	0	0	0	0	0	0	0	0	0	0	0	0	0	0	0	0	0	0	0	0	0	0	0	0	0	0	0	0	0	0	0	1	0	0	0	0	0	0	0	0	0	0	0	0	0	0	0	1	0	0	0	0	0	0	0	0	0	0	1	0	0	0	0	0	0	0	1	0	0	0	0	0	0	0	0	0	0	0	0	0	0	0	0	0	0
RICTOR	Genomic_Event	0	1	0	0	1	1	0	0	0	1	1	0	0	1	1	1	0	1	0	1	0	1	1	1	1	1	0	1	0	0	1	0	1	1	0	0	0	1	1	1	1	1	0	1	0	0	0	0	0	1	1	0	1	0	0	1	0	1	0	0	1	1	1	0	1	0	1	1	1	0	0	1	1	1	1	0	1	1	0	1	0	0	1	0	1	1	0	1	1	0	1	1	1	0	0	0	1	0	1	0	1	0	0	0	1	0	1	1	1	1	0	0	1	0	1	0	0	1	0	0	1	1	0	1
RPTOR	Genomic_Event	0	1	0	0	1	1	0	0	0	1	1	0	0	1	1	1	0	1	0	1	0	1	1	1	1	1	0	1	0	0	1	0	1	1	0	0	0	1	1	1	1	1	0	1	0	0	0	0	0	1	1	0	1	0	0	1	0	1	0	0	1	1	1	0	1	0	1	1	1	0	0	1	1	1	1	0	1	1	0	1	0	0	1	0	1	1	0	1	1	0	1	1	1	0	0	0	1	0	1	0	1	0	0	0	1	0	1	1	1	1	0	0	1	0	1	0	0	1	0	0	1	1	0	1
PIK3C3	Genomic_Event	0	1	0	0	1	1	0	0	0	1	1	0	0	1	1	1	0	1	0	1	0	1	1	1	1	1	0	1	0	0	1	0	1	1	0	0	0	1	1	1	1	1	0	1	0	0	0	0	0	1	1	0	1	0	0	1	0	1	0	0	1	1	1	0	1	0	1	1	1	0	0	1	1	1	1	0	1	1	0	1	0	0	1	0	1	1	0	1	1	0	1	1	1	0	0	0	1	0	1	0	1	0	0	0	1	0	1	1	1	1	0	0	1	0	1	0	0	1	0	0	1	1	0	1
PIK3CA	Genomic_Event	0	1	0	0	1	1	0	0	0	1	1	0	0	1	1	1	0	1	0	1	0	1	1	1	1	1	0	1	0	0	1	0	1	1	0	0	0	1	1	1	1	1	0	1	0	0	0	0	0	1	1	0	1	0	0	1	0	1	0	0	1	1	1	0	1	0	1	1	1	0	0	1	1	1	1	0	1	1	0	1	0	0	1	0	1	1	0	1	1	0	1	1	1	0	0	0	1	0	1	0	1	0	0	0	1	0	1	1	1	1	0	0	1	0	1	0	0	1	0	0	1	1	0	1
PIK3CB	Genomic_Event	0	1	0	0	1	1	0	0	0	1	1	0	0	1	1	1	0	1	0	1	0	1	1	1	1	1	0	1	0	0	1	0	1	1	0	0	0	1	1	1	1	1	0	1	0	0	0	0	0	1	1	0	1	0	0	1	0	1	0	0	1	1	1	0	1	0	1	1	1	0	0	1	1	1	1	0	1	1	0	1	0	0	1	0	1	1	0	1	1	0	1	1	1	0	0	0	1	0	1	0	1	0	0	0	1	0	1	1	1	1	0	0	1	0	1	0	0	1	0	0	1	1	0	1
PDPK	Genomic_Event	0	0	0	0	0	0	0	0	0	0	0	0	0	0	0	0	0	0	0	0	0	0	0	0	0	0	0	0	0	0	0	0	0	0	0	0	0	0	0	0	0	0	0	0	0	0	0	0	0	0	0	0	0	0	0	0	0	0	0	0	0	0	0	0	0	0	0	0	0	0	0	0	0	0	0	0	0	0	0	0	0	0	0	0	0	0	0	0	0	0	0	0	0	0	0	0	0	0	0	0	0	0	0	0	0	0	0	0	0	0	0	0	0	0	0	0	0	0	0	0	0	0	0	0
PIK3CD	Genomic_Event	0	1	0	0	1	1	0	0	0	1	1	0	0	1	1	1	0	1	0	1	0	1	1	1	1	1	0	1	0	0	1	0	1	1	0	0	0	1	1	1	1	1	0	1	0	0	0	0	0	1	1	0	1	0	0	1	0	1	0	0	1	1	1	0	1	0	1	1	1	0	0	1	1	1	1	0	1	1	0	1	0	0	1	0	1	1	0	1	1	0	1	1	1	0	0	0	1	0	1	0	1	0	0	0	1	0	1	1	1	1	0	0	1	0	1	0	0	1	0	0	1	1	0	1
PIK3CG	Genomic_Event	0	1	0	0	1	1	0	0	0	1	1	0	0	1	1	1	0	1	0	1	0	1	1	1	1	1	0	1	0	0	1	0	1	1	0	0	0	1	1	1	1	1	0	1	0	0	0	0	0	1	1	0	1	0	0	1	0	1	0	0	1	1	1	0	1	0	1	1	1	0	0	1	1	1	1	0	1	1	0	1	0	0	1	0	1	1	0	1	1	0	1	1	1	0	0	0	1	0	1	0	1	0	0	0	1	0	1	1	1	1	0	0	1	0	1	0	0	1	0	0	1	1	0	1
PIK3R6	Genomic_Event	0	1	0	0	1	1	0	0	0	1	1	0	0	1	1	1	0	1	0	1	0	1	1	1	1	1	0	1	0	0	1	0	1	1	0	0	0	1	1	1	1	1	0	1	0	0	0	0	0	1	1	0	1	0	0	1	0	1	0	0	1	1	1	0	1	0	1	1	1	0	0	1	1	1	1	0	1	1	0	1	0	0	1	0	1	1	0	1	1	0	1	1	1	0	0	0	1	0	1	0	1	0	0	0	1	0	1	1	1	1	0	0	1	0	1	0	0	1	0	0	1	1	0	1
PIK3R5	Genomic_Event	0	1	0	0	1	1	0	0	0	1	1	0	0	1	1	1	0	1	0	1	0	1	1	1	1	1	0	1	0	0	1	0	1	1	0	0	0	1	1	1	1	1	0	1	0	0	0	0	0	1	1	0	1	0	0	1	0	1	0	0	1	1	1	0	1	0	1	1	1	0	0	1	1	1	1	0	1	1	0	1	0	0	1	0	1	1	0	1	1	0	1	1	1	0	0	0	1	0	1	0	1	0	0	0	1	0	1	1	1	1	0	0	1	0	1	0	0	1	0	0	1	1	0	1
PIK3R4	Genomic_Event	0	1	0	0	1	1	0	0	0	1	1	0	0	1	1	1	0	1	0	1	0	1	1	1	1	1	0	1	0	0	1	0	1	1	0	0	0	1	1	1	1	1	0	1	0	0	0	0	0	1	1	0	1	0	0	1	0	1	0	0	1	1	1	0	1	0	1	1	1	0	0	1	1	1	1	0	1	1	0	1	0	0	1	0	1	1	0	1	1	0	1	1	1	0	0	0	1	0	1	0	1	0	0	0	1	0	1	1	1	1	0	0	1	0	1	0	0	1	0	0	1	1	0	1
PIK3R3	Genomic_Event	0	1	0	0	1	1	0	0	0	1	1	0	0	1	1	1	0	1	0	1	0	1	1	1	1	1	0	1	0	0	1	0	1	1	0	0	0	1	1	1	1	1	0	1	0	0	0	0	0	1	1	0	1	0	0	1	0	1	0	0	1	1	1	0	1	0	1	1	1	0	0	1	1	1	1	0	1	1	0	1	0	0	1	0	1	1	0	1	1	0	1	1	1	0	0	0	1	0	1	0	1	0	0	0	1	0	1	1	1	1	0	0	1	0	1	0	0	1	0	0	1	1	0	1
PIK3R2	Genomic_Event	0	1	0	0	1	1	0	0	0	1	1	0	0	1	1	1	0	1	0	1	0	1	1	1	1	1	0	1	0	0	1	0	1	1	0	0	0	1	1	1	1	1	0	1	0	0	0	0	0	1	1	0	1	0	0	1	0	1	0	0	1	1	1	0	1	0	1	1	1	0	0	1	1	1	1	0	1	1	0	1	0	0	1	0	1	1	0	1	1	0	1	1	1	0	0	0	1	0	1	0	1	0	0	0	1	0	1	1	1	1	0	0	1	0	1	0	0	1	0	0	1	1	0	1
PIK3R1	Genomic_Event	0	1	0	0	1	1	0	0	0	1	1	0	0	1	1	1	0	1	0	1	0	1	1	1	1	1	0	1	0	0	1	0	1	1	0	0	0	1	1	1	1	1	0	1	0	0	0	0	0	1	1	0	1	0	0	1	0	1	0	0	1	1	1	0	1	0	1	1	1	0	0	1	1	1	1	0	1	1	0	1	0	0	1	0	1	1	0	1	1	0	1	1	1	0	0	0	1	0	1	0	1	0	0	0	1	0	1	1	1	1	0	0	1	0	1	0	0	1	0	0	1	1	0	1
ERBB2	Genomic_Event	0	0	0	0	0	0	0	0	0	0	0	0	0	0	0	0	1	0	1	0	0	0	0	0	0	0	0	0	0	0	0	0	0	0	0	0	0	0	0	0	0	0	0	0	0	0	0	0	0	0	0	0	0	0	0	0	0	0	0	0	0	0	0	0	0	0	0	0	0	0	0	0	0	0	0	0	0	0	0	0	0	0	0	0	0	0	0	0	0	0	0	0	0	0	0	0	0	0	0	0	0	0	0	0	0	0	0	0	0	0	0	0	0	0	0	0	0	0	0	0	0	0	0	0
SRC	Genomic_Event	0	0	0	0	0	0	0	0	0	0	0	0	0	0	0	0	0	0	0	0	0	0	0	0	0	0	0	0	0	0	0	0	0	0	0	0	0	0	0	0	0	0	0	0	0	0	0	0	1	0	0	0	0	0	0	0	0	0	0	0	0	0	0	0	0	0	0	0	0	0	0	0	0	0	0	1	0	0	1	0	0	0	0	0	0	0	0	0	0	0	0	0	0	0	0	0	0	0	0	0	0	0	0	0	0	0	0	0	0	0	0	0	0	0	0	0	0	0	0	0	0	0	0	0
PIK3C2B	Genomic_Event	0	1	0	0	1	1	0	0	0	1	1	0	0	1	1	1	0	1	0	1	0	1	1	1	1	1	0	1	0	0	1	0	1	1	0	0	0	1	1	1	1	1	0	1	0	0	0	0	0	1	1	0	1	0	0	1	0	1	0	0	1	1	1	0	1	0	1	1	1	0	0	1	1	1	1	0	1	1	0	1	0	0	1	0	1	1	0	1	1	0	1	1	1	0	0	0	1	0	1	0	1	0	0	0	1	0	1	1	1	1	0	0	1	0	1	0	0	1	0	0	1	1	0	1
PIK3C2A	Genomic_Event	0	1	0	0	1	1	0	0	0	1	1	0	0	1	1	1	0	1	0	1	0	1	1	1	1	1	0	1	0	0	1	0	1	1	0	0	0	1	1	1	1	1	0	1	0	0	0	0	0	1	1	0	1	0	0	1	0	1	0	0	1	1	1	0	1	0	1	1	1	0	0	1	1	1	1	0	1	1	0	1	0	0	1	0	1	1	0	1	1	0	1	1	1	0	0	0	1	0	1	0	1	0	0	0	1	0	1	1	1	1	0	0	1	0	1	0	0	1	0	0	1	1	0	1
MTOR	Genomic_Event	0	1	0	0	1	1	0	0	0	1	1	0	0	1	1	1	0	1	0	1	0	1	1	1	1	1	0	1	0	0	1	0	1	1	0	0	0	1	1	1	1	1	0	1	0	0	0	0	0	1	1	0	1	0	0	1	0	1	0	0	1	1	1	0	1	0	1	1	1	0	0	1	1	1	1	0	1	1	0	1	0	0	1	0	1	1	0	1	1	0	1	1	1	0	0	0	1	0	1	0	1	0	0	0	1	0	1	1	1	1	0	0	1	0	1	0	0	1	0	0	1	1	0	1
IGFR	Genomic_Event	0	0	0	0	0	0	0	0	0	0	0	0	0	0	0	0	0	0	0	0	0	0	0	0	0	0	0	0	0	1	0	0	0	0	0	0	0	0	0	0	0	0	0	0	0	0	0	0	0	0	0	0	0	0	0	0	0	0	0	0	0	0	0	0	0	0	0	0	0	0	0	0	0	0	0	0	0	0	0	0	0	0	0	0	0	0	0	0	0	0	0	0	0	0	0	0	0	0	0	0	0	0	0	0	0	0	0	0	0	0	0	0	0	0	0	0	0	0	0	0	0	0	0	0
CSF-1R	Genomic_Event	0	0	0	0	0	0	0	0	0	0	0	0	0	0	0	0	0	0	0	0	0	0	0	0	0	0	0	0	0	0	0	0	0	0	0	0	0	0	0	0	0	0	0	0	0	0	0	0	0	0	0	0	0	0	0	0	0	0	0	0	0	0	0	1	0	0	0	0	0	0	0	0	0	0	0	0	0	0	0	0	0	0	0	0	0	0	0	0	0	0	0	0	0	0	0	0	0	0	0	0	0	0	0	1	0	0	0	0	0	0	0	0	0	0	0	0	0	0	0	0	0	0	0	0
ALK	Genomic_Event	0	0	0	0	0	0	0	0	0	0	0	0	0	0	0	0	0	0	0	0	0	0	0	0	0	0	0	0	0	0	0	1	0	0	0	0	0	0	0	0	0	0	0	0	0	0	0	0	0	0	0	0	0	0	0	0	0	0	0	0	0	0	0	0	0	0	0	0	0	0	0	0	0	0	0	0	0	0	0	0	0	0	0	0	0	0	0	0	0	0	0	0	0	0	0	0	0	0	0	0	0	0	0	0	0	0	0	0	0	0	0	0	0	0	0	0	1	0	0	0	0	0	0	0
SYK	Genomic_Event	0	0	0	0	0	0	0	0	0	0	0	0	0	0	0	0	0	0	0	0	0	0	0	0	0	0	0	0	0	0	0	0	0	0	0	0	0	0	0	0	0	0	0	0	0	0	0	0	0	0	0	0	0	0	0	0	0	0	0	0	0	0	0	0	0	0	0	0	0	0	0	0	0	0	0	0	0	0	0	0	0	0	0	0	0	0	0	0	0	0	0	0	0	0	0	0	0	0	0	0	0	0	0	0	0	0	0	0	0	0	0	0	0	0	0	0	0	0	0	0	0	0	0	0
MAP2K1	Genomic_Event	0	0	0	0	0	0	0	0	1	0	0	0	0	0	0	0	0	0	0	0	0	0	0	0	0	0	0	0	0	0	0	0	0	0	1	0	0	0	0	0	0	0	0	0	0	0	0	1	0	0	0	0	0	1	1	0	0	0	0	0	0	0	0	0	0	1	0	0	0	0	0	0	0	0	0	0	0	0	0	0	0	0	0	1	0	0	0	0	0	0	0	0	0	1	0	1	0	0	0	0	0	0	0	0	0	0	0	0	0	0	0	0	0	0	0	0	0	0	0	0	0	0	0	0
BRAF	Genomic_Event	0	0	0	0	0	0	0	0	0	0	0	0	0	0	0	0	0	0	0	0	0	0	0	0	0	0	0	0	0	0	0	0	0	0	0	0	0	0	0	0	0	0	0	0	0	0	1	0	0	0	0	0	0	0	0	0	0	0	0	0	0	0	0	0	0	0	0	0	0	0	0	0	0	0	0	0	0	0	0	0	0	0	0	0	0	0	0	0	0	0	0	0	0	0	0	0	0	0	0	0	0	0	0	0	0	0	0	0	0	0	0	0	0	0	0	0	0	0	0	0	0	0	0	0
PIK3C2G	Genomic_Event	0	1	0	0	1	1	0	0	0	1	1	0	0	1	1	1	0	1	0	1	0	1	1	1	1	1	0	1	0	0	1	0	1	1	0	0	0	1	1	1	1	1	0	1	0	0	0	0	0	1	1	0	1	0	0	1	0	1	0	0	1	1	1	0	1	0	1	1	1	0	0	1	1	1	1	0	1	1	0	1	0	0	1	0	1	1	0	1	1	0	1	1	1	0	0	0	1	0	1	0	1	0	0	0	1	0	1	1	1	1	0	0	1	0	1	0	0	1	0	0	1	1	0	1
LCK	Genomic_Event	0	0	0	0	0	0	0	0	0	0	0	0	0	0	0	0	0	0	0	0	1	0	0	0	0	0	1	0	0	0	0	0	0	0	0	0	0	0	0	0	0	0	0	0	1	0	0	0	0	0	0	0	0	0	0	0	0	0	0	0	0	0	0	0	0	0	0	0	0	0	0	0	0	0	0	0	0	0	0	0	0	0	0	0	0	0	0	0	0	0	0	0	0	0	0	0	0	0	0	0	0	0	0	0	0	0	0	0	0	0	0	0	0	0	0	0	0	0	0	0	0	0	0	0
BTK	Genomic_Event	1	0	0	0	0	0	0	0	0	0	0	0	1	0	0	0	0	0	0	0	0	0	0	0	0	0	0	0	0	0	0	0	0	0	0	0	0	0	0	0	0	0	1	0	0	0	0	0	0	0	0	0	0	0	0	0	0	0	1	0	0	0	0	0	0	0	0	0	0	1	0	0	0	0	0	0	0	0	0	0	0	0	0	0	0	0	0	0	0	0	0	0	0	0	0	0	0	0	0	0	0	0	0	0	0	0	0	0	0	0	0	0	0	1	0	0	0	0	0	0	0	0	0	0
NFATC1	TF_Activity	0.0	0.0	0.0	0.0	0.0	0.0	0.0	0.0	0.0	0.0	0.0	0.0	0.0	0.0	0.0	1.59284893783	0.0	0.0	0.0	0.0	0.0	0.0	0.0	0.0	0.0	0.0	0.0	0.0	1.58448087482	0.0	0.0	0.0	0.0	1.29458892475	0.0	0.0	0.0	0.0	0.0	0.0	0.0	2.21091959637	0.0	1.76354132053	0.0	0.0	0.0	0.0	0.0	0.0	0.0	0.0	1.547433131	0.0	0.0	0.0	0.0	1.13866690557	0.0	0.0	0.0	0.0	0.0	1.25827702231	0.0	0.0	0.0	0.0	0.0	0.0	1.35080356961	0.0	0.0	1.33631144538	1.7321139109	0.0	1.17740904097	0.0	0.0	1.31603905978	0.0	0.0	0.0	0.0	0.0	0.0	0.0	0.0	0.0	1.43141836086	0.0	0.0	1.26729329088	0.0	0.0	0.0	0.0	1.31711859056	0.0	0.0	0.0	0.0	0.0	0.0	0.0	0.0	0.0	0.0	0.0	0.0	0.0	0.0	1.34569841198	0.0	0.0	0.0	0.0	0.0	0.0	0.0	0.0	0.0	0.0	1.73653959493
NFATC3	TF_Activity	0.0	0.0	0.0	0.0	0.0	0.0	0.0	1.47467974465	0.0	0.0	0.0	2.26252608389	0.0	1.95766687863	0.0	0.0	1.52984792129	0.0	1.46572432378	1.62712304064	1.49689173844	0.0	0.0	0.0	0.0	0.0	0.0	0.0	0.0	0.0	0.0	0.0	0.0	0.0	0.0	1.06156605193	2.47458656069	0.0	0.0	0.0	0.0	0.0	1.13258887401	1.32687919134	0.0	0.0	0.0	1.60273857924	1.02077994612	0.0	0.0	1.10410021023	0.0	0.0	0.0	1.0048569557	0.0	0.0	0.0	0.0	0.0	0.0	0.0	0.0	0.0	0.0	0.0	0.0	0.0	0.0	0.0	0.0	0.0	0.0	0.0	0.0	0.0	0.0	0.0	0.0	0.0	0.0	0.0	0.0	0.0	0.0	0.0	0.0	0.0	0.0	0.0	0.0	0.0	0.0	0.0	0.0	0.0	0.0	0.0	0.0	0.0	0.0	0.0	0.0	0.0	0.0	0.0	0.0	0.0	0.0	1.99197043316	0.0	0.0	0.0	0.0	1.90273925379	0.0	0.0	0.0	0.0	0.0	0.0	0.0	0.0
MYC	TF_Activity	0.0	0.0	1.17503602139	0.0	0.0	0.0	0.0	0.0	0.0	0.0	0.0	1.50315399781	0.0	0.0	0.0	0.0	0.0	0.0	0.0	0.0	1.26860001787	0.0	1.13374464234	0.0	1.20958758158	0.0	0.0	0.0	2.50401428998	0.0	0.0	0.0	0.0	1.51529841965	0.0	0.0	0.0	0.0	0.0	0.0	1.78073432269	0.0	0.0	0.0	0.0	0.0	0.0	0.0	0.0	1.15935237791	0.0	0.0	0.0	0.0	0.0	0.0	0.0	0.0	0.0	0.0	0.0	0.0	0.0	0.0	0.0	0.0	0.0	0.0	0.0	0.0	0.0	0.0	0.0	0.0	0.0	0.0	1.31048795236	1.91143025309	0.0	0.0	0.0	0.0	0.0	0.0	0.0	1.28095895206	1.13958072685	1.85402511993	0.0	1.56215867789	0.0	0.0	0.0	0.0	1.5043664914	0.0	0.0	1.06861603612	2.02091043402	0.0	0.0	0.0	0.0	0.0	0.0	1.03337580793	1.34691209496	0.0	0.0	0.0	1.56199414774	0.0	1.68105806192	0.0	0.0	0.0	0.0	0.0	0.0	0.0	1.06857182015	0.0	0.0	1.20581549804
SMAD4	TF_Activity	0.0	0.0	0.0	0.0	1.26851598691	2.18535622687	0.0	0.0	0.0	0.0	1.6483941169	0.0	0.0	2.17710579769	0.0	0.0	0.0	0.0	0.0	1.45072669959	0.0	1.6954974822	0.0	0.0	0.0	0.0	0.0	0.0	0.0	0.0	0.0	0.0	0.0	0.0	0.0	0.0	0.0	0.0	1.91539823015	0.0	0.0	0.0	0.0	0.0	0.0	0.0	0.0	0.0	0.0	0.0	1.47118275018	0.0	0.0	0.0	0.0	1.82853552059	0.0	0.0	0.0	0.0	1.54502547482	0.0	0.0	0.0	0.0	0.0	0.0	1.82873083759	0.0	0.0	0.0	0.0	0.0	0.0	0.0	0.0	0.0	0.0	0.0	0.0	0.0	0.0	0.0	0.0	0.0	0.0	0.0	0.0	1.02504346603	0.0	0.0	0.0	1.00781149144	0.0	0.0	0.0	1.94999745016	0.0	0.0	0.0	0.0	0.0	0.0	0.0	1.50605704949	0.0	0.0	0.0	0.0	0.0	1.4415141495	0.0	0.0	0.0	0.0	0.0	0.0	1.51762432143	0.0	0.0	0.0	0.0	0.0	1.27144391753
JUND	TF_Activity	0.0	1.24227517735	0.0	0.0	0.0	0.0	0.0	0.0	0.0	1.08517292378	1.12881326309	0.0	0.0	0.0	0.0	2.04613567035	0.0	0.0	0.0	0.0	0.0	0.0	0.0	1.31478593763	0.0	0.0	0.0	0.0	1.25920068807	0.0	1.15228890927	0.0	0.0	0.0	0.0	0.0	0.0	0.0	1.69012528359	0.0	1.42452641389	0.0	0.0	0.0	0.0	1.13236502054	0.0	0.0	0.0	0.0	0.0	1.00710392273	1.45870450967	0.0	0.0	0.0	0.0	0.0	0.0	0.0	1.46425546283	0.0	1.19199476059	0.0	0.0	0.0	1.674928004	0.0	0.0	0.0	0.0	0.0	0.0	0.0	1.11811599076	0.0	0.0	0.0	0.0	1.27338410235	0.0	0.0	0.0	0.0	1.05554157092	0.0	0.0	0.0	0.0	0.0	1.814639168	1.95695588051	0.0	0.0	0.0	0.0	0.0	0.0	0.0	0.0	1.01705881644	0.0	0.0	0.0	0.0	0.0	0.0	1.13831387918	2.26519606317	1.20899729345	0.0	0.0	0.0	0.0	1.34742083069	0.0	1.20046109192	0.0	0.0	0.0	0.0	0.0	0.0	1.08309469665
SMAD2	TF_Activity	0.0	0.0	1.5924319002	0.0	1.81497367511	0.0	0.0	1.04831965379	0.0	0.0	1.13422614118	1.52987692957	0.0	2.148593564	0.0	0.0	0.0	0.0	1.6411002742	1.64052942121	0.0	0.0	0.0	0.0	0.0	0.0	0.0	0.0	0.0	0.0	0.0	0.0	0.0	0.0	0.0	0.0	0.0	1.67982101226	1.39242829496	0.0	0.0	0.0	1.01960049944	0.0	0.0	0.0	0.0	0.0	0.0	0.0	0.0	0.0	0.0	0.0	0.0	2.1926848541	0.0	0.0	0.0	0.0	0.0	1.25095872968	0.0	0.0	0.0	0.0	0.0	1.69635955413	0.0	0.0	0.0	0.0	1.40603914206	0.0	0.0	0.0	0.0	0.0	0.0	0.0	0.0	0.0	0.0	0.0	0.0	0.0	0.0	0.0	0.0	0.0	0.0	0.0	0.0	1.05316854791	0.0	0.0	0.0	0.0	0.0	0.0	0.0	0.0	0.0	0.0	0.0	0.0	0.0	0.0	0.0	0.0	1.23190715774	0.0	0.0	1.53845633013	0.0	0.0	0.0	1.35572506148	0.0	0.0	0.0	0.0	0.0	0.0
SMAD3	TF_Activity	0.0	1.03124258866	0.0	0.0	0.0	1.76336262167	0.0	0.0	0.0	0.0	0.0	0.0	0.0	1.54643738511	0.0	0.0	0.0	0.0	0.0	0.0	0.0	1.63526894628	1.67382644967	1.19105128766	1.16337335356	0.0	0.0	0.0	0.0	0.0	0.0	0.0	1.13249122377	0.0	0.0	0.0	0.0	0.0	0.0	0.0	0.0	0.0	0.0	1.48496196089	1.12504029615	0.0	0.0	0.0	0.0	0.0	1.16255767817	0.0	0.0	0.0	0.0	1.57272420058	0.0	0.0	0.0	0.0	1.78745881957	0.0	0.0	0.0	1.41056087334	0.0	0.0	0.0	0.0	1.46686980569	0.0	1.54855509812	0.0	2.62832316389	0.0	0.0	0.0	0.0	0.0	0.0	0.0	0.0	0.0	0.0	0.0	0.0	0.0	0.0	1.15298069831	0.0	2.09545524243	1.0457563031	0.0	0.0	0.0	0.0	2.2981489934	0.0	0.0	0.0	0.0	0.0	0.0	0.0	1.37249088488	0.0	0.0	0.0	0.0	1.37955731931	0.0	0.0	0.0	0.0	1.35436064292	0.0	0.0	0.0	0.0	0.0	1.27559693385	0.0	0.0	0.0
FOXO3	TF_Activity	0.0	1.56754898571	0.0	0.0	0.0	0.0	0.0	0.0	0.0	1.21368359263	1.29315147483	1.12146882436	1.05365807236	1.68280414849	0.0	1.07478797331	0.0	0.0	0.0	0.0	0.0	0.0	0.0	0.0	0.0	0.0	1.7470078199	0.0	0.0	0.0	1.07967517644	0.0	0.0	0.0	0.0	0.0	0.0	0.0	0.0	1.21759011356	0.0	0.0	0.0	0.0	0.0	0.0	0.0	0.0	0.0	0.0	1.37001127357	0.0	0.0	0.0	0.0	1.35065840251	0.0	0.0	0.0	0.0	0.0	0.0	1.02132758027	0.0	0.0	0.0	0.0	0.0	0.0	0.0	0.0	0.0	1.41487925593	0.0	1.1341704505	0.0	1.56067857674	0.0	0.0	0.0	0.0	0.0	0.0	0.0	0.0	0.0	0.0	1.23007024298	1.22547389535	0.0	0.0	0.0	0.0	0.0	0.0	0.0	0.0	0.0	0.0	0.0	0.0	0.0	0.0	0.0	0.0	0.0	2.07540891259	0.0	0.0	0.0	0.0	1.02758889768	1.85082057599	0.0	0.0	0.0	0.0	0.0	0.0	0.0	0.0	1.1443654427	0.0	1.19797409324
FOXO1	TF_Activity	0.0	1.69903730299	0.0	0.0	0.0	1.09573978629	0.0	0.0	0.0	0.0	0.0	0.0	0.0	0.0	0.0	1.35640616538	0.0	1.76056863873	0.0	0.0	0.0	0.0	0.0	0.0	1.12776771986	1.45609851036	0.0	0.0	0.0	0.0	0.0	0.0	0.0	1.038694435	0.0	0.0	0.0	0.0	0.0	0.0	0.0	0.0	1.15780348922	0.0	0.0	0.0	0.0	0.0	0.0	0.0	0.0	0.0	1.32742984341	0.0	0.0	0.0	0.0	0.0	0.0	0.0	0.0	0.0	0.0	0.0	0.0	0.0	0.0	1.2499066745	0.0	1.30670127881	0.0	0.0	0.0	1.2055594929	1.07374766777	0.0	0.0	0.0	0.0	0.0	1.17140355357	0.0	0.0	0.0	0.0	0.0	0.0	0.0	0.0	1.21961207445	0.0	0.0	2.16058868887	0.0	0.0	0.0	1.35904993923	1.23826365195	0.0	0.0	1.05850675738	0.0	0.0	0.0	0.0	0.0	0.0	0.0	0.0	0.0	0.0	0.0	1.03260340495	0.0	2.20599295358	0.0	0.0	1.1101613526	0.0	0.0	0.0	0.0	0.0	1.55920534077
CRTC2	TF_Activity	0.0	0.0	0.0	0.0	0.0	0.0	1.44455955132	0.0	0.0	0.0	0.0	0.0	0.0	0.0	0.0	0.0	1.11087218388	1.2915558971	0.0	0.0	0.0	0.0	1.4730156102	0.0	0.0	1.74314237734	0.0	0.0	0.0	0.0	0.0	0.0	0.0	0.0	0.0	0.0	0.0	0.0	0.0	0.0	1.95507849645	1.85490854989	0.0	0.0	0.0	0.0	0.0	0.0	0.0	0.0	0.0	0.0	1.32231737836	0.0	0.0	0.0	0.0	0.0	1.12178382787	0.0	0.0	1.26610014246	1.34597371683	0.0	1.06078748917	0.0	0.0	0.0	0.0	0.0	0.0	0.0	0.0	0.0	0.0	0.0	0.0	0.0	0.0	0.0	0.0	0.0	0.0	0.0	1.27084168021	0.0	0.0	1.25851824818	0.0	0.0	0.0	0.0	0.0	0.0	0.0	0.0	0.0	0.0	0.0	0.0	0.0	0.0	0.0	0.0	0.0	0.0	3.0286019448	0.0	0.0	0.0	0.0	0.0	0.0	0.0	0.0	0.0	0.0	0.0	0.0	0.0	0.0	0.0	0.0	0.0
FOXO4	TF_Activity	0.0	1.28188584871	0.0	0.0	0.0	1.69543614098	0.0	0.0	0.0	0.0	0.0	0.0	0.0	0.0	0.0	1.34515057452	0.0	1.2817999222	0.0	0.0	0.0	1.33667754776	0.0	0.0	0.0	1.32692942269	1.21197262345	0.0	0.0	0.0	0.0	0.0	0.0	0.0	0.0	0.0	0.0	0.0	1.16146869134	0.0	0.0	1.15282556216	0.0	1.07538087064	0.0	0.0	0.0	0.0	0.0	0.0	1.04970446257	0.0	1.03424267708	0.0	0.0	0.0	0.0	1.5247383089	0.0	0.0	1.18752139376	1.01819098115	0.0	0.0	0.0	0.0	0.0	0.0	0.0	0.0	0.0	1.30951241938	1.11497468805	1.62817066769	1.17942238424	0.0	0.0	0.0	0.0	0.0	0.0	0.0	1.4682012287	0.0	0.0	1.11865137147	0.0	1.37238261253	1.48237098844	0.0	0.0	1.01904899582	0.0	0.0	0.0	0.0	2.11908903121	0.0	0.0	0.0	1.08486465843	0.0	0.0	0.0	0.0	0.0	1.38721519538	0.0	0.0	0.0	0.0	0.0	0.0	0.0	1.49187422821	0.0	0.0	1.35836224419	0.0	0.0	0.0	0.0	0.0	1.15296953017
CREB3L2	TF_Activity	0.0	0.0	1.79144895967	0.0	0.0	0.0	0.0	2.14371224172	0.0	0.0	0.0	1.37177846629	0.0	0.0	0.0	0.0	2.66800515595	0.0	1.30889340317	0.0	1.56468863448	0.0	0.0	0.0	0.0	0.0	0.0	0.0	0.0	1.16620184822	0.0	0.0	0.0	0.0	0.0	1.18341351283	2.03854446739	0.0	0.0	0.0	1.1262245615	0.0	0.0	0.0	0.0	0.0	2.0635424715	0.0	0.0	0.0	0.0	0.0	0.0	0.0	0.0	0.0	1.43511501741	0.0	0.0	0.0	0.0	1.4676300777	0.0	0.0	0.0	0.0	0.0	1.25907509716	0.0	0.0	0.0	0.0	0.0	0.0	0.0	1.220943968	0.0	0.0	0.0	0.0	0.0	0.0	0.0	0.0	0.0	0.0	0.0	0.0	0.0	0.0	0.0	0.0	0.0	0.0	0.0	0.0	0.0	0.0	0.0	0.0	0.0	0.0	0.0	0.0	0.0	0.0	0.0	0.0	0.0	0.0	0.0	0.0	0.0	0.0	0.0	1.97868099427	0.0	0.0	0.0	1.67869240467	0.0	0.0	0.0	0.0
STAT3	TF_Activity	0.0	0.0	0.0	0.0	0.0	0.0	1.32372564641	0.0	0.0	1.6991267134	0.0	0.0	0.0	0.0	0.0	0.0	0.0	0.0	0.0	0.0	1.57207909002	0.0	0.0	0.0	0.0	0.0	0.0	0.0	0.0	0.0	0.0	1.93089855967	1.08848223118	0.0	0.0	0.0	1.64908717502	0.0	0.0	0.0	1.30060313225	1.33051376559	0.0	1.00058432542	1.75851165646	0.0	0.0	0.0	0.0	0.0	0.0	0.0	0.0	0.0	0.0	0.0	0.0	0.0	0.0	0.0	0.0	1.15095531371	0.0	0.0	0.0	0.0	0.0	2.68344818925	2.18770509365	0.0	0.0	0.0	0.0	0.0	0.0	0.0	0.0	0.0	0.0	0.0	1.1165498967	3.49105566008	0.0	0.0	0.0	0.0	0.0	0.0	0.0	0.0	0.0	0.0	2.24452895402	0.0	0.0	0.0	0.0	0.0	0.0	0.0	0.0	0.0	0.0	0.0	0.0	2.52753186257	0.0	0.0	0.0	0.0	1.00664278267	0.0	0.0	0.0	0.0	0.0	0.0	0.0	0.0	0.0	0.0	0.0	0.0	1.20414896349
ATF2	TF_Activity	0.0	0.0	0.0	0.0	0.0	0.0	0.0	1.67414572151	0.0	0.0	0.0	0.0	1.79561792279	1.17564030845	0.0	0.0	0.0	0.0	0.0	0.0	1.54141296619	0.0	0.0	0.0	3.00710114155	0.0	0.0	0.0	0.0	0.0	0.0	0.0	0.0	0.0	0.0	0.0	1.71419521719	0.0	1.31732046188	1.30444558138	0.0	0.0	2.07321491482	0.0	0.0	0.0	0.0	0.0	0.0	0.0	0.0	0.0	0.0	0.0	0.0	1.61840454249	1.4211182942	0.0	0.0	0.0	0.0	0.0	0.0	0.0	1.28090490005	0.0	0.0	1.8037203201	0.0	1.20887674785	0.0	0.0	0.0	0.0	0.0	1.00331123022	0.0	0.0	0.0	0.0	0.0	0.0	0.0	0.0	0.0	0.0	0.0	0.0	0.0	0.0	0.0	0.0	1.49508469504	0.0	0.0	0.0	0.0	0.0	0.0	0.0	0.0	0.0	0.0	0.0	0.0	0.0	0.0	0.0	0.0	0.0	0.0	0.0	0.0	1.40166962774	0.0	0.0	0.0	0.0	0.0	0.0	1.68808931005	0.0	0.0	1.58891324459
MECOM	TF_Activity	0.0	2.01494225663	1.04911729067	0.0	0.0	1.82131145561	0.0	0.0	0.0	0.0	0.0	0.0	0.0	0.0	0.0	0.0	0.0	0.0	0.0	0.0	0.0	0.0	0.0	0.0	0.0	0.0	0.0	0.0	1.02332649139	0.0	0.0	0.0	0.0	0.0	0.0	0.0	0.0	0.0	0.0	2.78797179841	0.0	0.0	0.0	0.0	0.0	0.0	0.0	0.0	0.0	0.0	0.0	0.0	0.0	0.0	0.0	0.0	0.0	0.0	1.07701583874	0.0	0.0	0.0	0.0	1.691768971	1.17617759982	0.0	0.0	0.0	0.0	0.0	1.37814920181	0.0	0.0	1.46660996364	0.0	0.0	0.0	0.0	0.0	0.0	0.0	1.25865151845	0.0	0.0	0.0	0.0	0.0	0.0	0.0	1.75606115729	0.0	1.28396067749	1.02945422777	0.0	2.66925870261	0.0	1.40429865025	2.30006841472	0.0	0.0	0.0	0.0	0.0	0.0	1.84841264787	1.34989914401	0.0	1.23396304425	0.0	0.0	0.0	0.0	0.0	0.0	0.0	0.0	0.0	0.0	0.0	0.0	0.0	0.0	0.0	0.0
JUN	TF_Activity	0.0	0.0	0.0	0.0	0.0	1.39189902392	0.0	0.0	0.0	1.51997691536	0.0	0.0	0.0	0.0	0.0	2.1303218643	1.12019601963	1.12531349103	0.0	0.0	0.0	0.0	0.0	0.0	0.0	0.0	0.0	0.0	0.0	0.0	0.0	0.0	0.0	0.0	0.0	0.0	0.0	0.0	1.71363969385	0.0	1.9916380099	0.0	0.0	0.0	0.0	0.0	0.0	0.0	0.0	0.0	0.0	0.0	1.3446832024	0.0	0.0	0.0	0.0	0.0	0.0	0.0	0.0	0.0	0.0	0.0	0.0	0.0	1.59776289938	0.0	0.0	0.0	0.0	0.0	0.0	1.11707004216	2.45273637003	0.0	0.0	0.0	0.0	1.39072300945	0.0	0.0	1.34078122019	0.0	1.17980387039	0.0	0.0	0.0	0.0	0.0	0.0	2.31198353877	0.0	0.0	0.0	0.0	0.0	0.0	1.2154080086	0.0	2.15767964449	0.0	0.0	0.0	0.0	0.0	0.0	0.0	0.0	0.0	0.0	0.0	0.0	0.0	0.0	0.0	0.0	2.10813336727	0.0	0.0	0.0	1.09411924977	0.0	0.0
MAPK8IP1	TF_Activity	0.0	0.0	0.0	0.0	0.0	1.22903728265	0.0	1.89002564722	0.0	0.0	0.0	0.0	0.0	0.0	0.0	0.0	1.38099459442	0.0	0.0	0.0	0.0	2.23155761702	0.0	1.56324838731	0.0	0.0	0.0	0.0	2.000638368	1.54102856191	1.24426406424	0.0	0.0	0.0	0.0	0.0	0.0	0.0	0.0	0.0	0.0	0.0	0.0	0.0	0.0	1.30107131854	0.0	0.0	0.0	0.0	0.0	0.0	0.0	0.0	0.0	0.0	0.0	2.89022540304	2.4693194724	0.0	0.0	0.0	0.0	1.0121090032	0.0	0.0	0.0	0.0	1.22606287208	0.0	0.0	0.0	0.0	1.44405152012	0.0	0.0	0.0	0.0	0.0	0.0	1.34881736624	0.0	1.47213512371	0.0	1.00796538021	0.0	0.0	0.0	0.0	0.0	0.0	1.2725375809	0.0	0.0	0.0	1.04104330928	0.0	0.0	0.0	0.0	0.0	0.0	0.0	0.0	0.0	0.0	0.0	0.0	0.0	0.0	0.0	0.0	0.0	0.0	1.35376643387	0.0	0.0	0.0	0.0	0.0	0.0	0.0	0.0	0.0
CREB3L1	TF_Activity	0.0	0.0	0.0	1.19571393875	2.0045703955	1.14342184288	0.0	0.0	0.0	0.0	0.0	0.0	0.0	0.0	0.0	0.0	0.0	0.0	0.0	0.0	0.0	0.0	1.6911863468	0.0	0.0	0.0	0.0	0.0	0.0	0.0	1.59635381766	1.04820471543	0.0	0.0	0.0	1.34788645365	0.0	0.0	0.0	0.0	1.10616335849	0.0	0.0	1.1630252412	1.64538339187	0.0	0.0	0.0	0.0	0.0	0.0	1.23444112031	0.0	0.0	0.0	0.0	0.0	0.0	0.0	0.0	0.0	0.0	0.0	0.0	0.0	0.0	1.22578823097	0.0	0.0	0.0	0.0	0.0	0.0	1.49707048512	2.02363668251	0.0	0.0	2.300638994	0.0	0.0	1.7379834972	0.0	0.0	0.0	0.0	0.0	0.0	0.0	0.0	0.0	0.0	0.0	0.0	0.0	0.0	0.0	0.0	0.0	1.43970238333	0.0	0.0	0.0	1.17652863961	0.0	0.0	0.0	0.0	1.3449219901	0.0	1.53182439149	0.0	0.0	0.0	0.0	1.9058441741	0.0	1.19785777511	0.0	0.0	0.0	0.0	0.0	0.0	0.0
KLF2	TF_Activity	0.0	0.0	0.0	0.0	0.0	2.10451230501	0.0	0.0	0.0	0.0	0.0	0.0	0.0	0.0	0.0	2.21686240736	0.0	1.228440561	0.0	0.0	0.0	1.17473071592	0.0	1.06170952167	0.0	1.04269699732	0.0	0.0	0.0	0.0	0.0	0.0	0.0	1.64851388736	0.0	0.0	0.0	0.0	1.44762438573	1.03634575165	0.0	0.0	0.0	0.0	0.0	1.12781651343	0.0	0.0	0.0	0.0	0.0	0.0	0.0	0.0	0.0	0.0	0.0	1.32257340867	0.0	0.0	0.0	0.0	0.0	0.0	0.0	0.0	1.61847457424	0.0	0.0	0.0	0.0	0.0	0.0	1.52474160286	1.62719240408	0.0	0.0	0.0	0.0	1.97764725374	0.0	0.0	1.12517181817	0.0	1.42902687925	0.0	0.0	0.0	1.68897656657	0.0	1.30008437145	2.11417069653	0.0	0.0	0.0	0.0	1.71465951854	0.0	0.0	0.0	1.37053937816	0.0	0.0	0.0	0.0	0.0	1.00303483072	1.51414870498	1.08476243203	1.40370314485	0.0	0.0	0.0	0.0	1.09117521355	0.0	0.0	1.14585513727	0.0	0.0	0.0	0.0	0.0	0.0
NFKB1	TF_Activity	0.0	0.0	0.0	0.0	0.0	0.0	0.0	0.0	0.0	0.0	0.0	0.0	1.03046977391	0.0	0.0	0.0	0.0	0.0	0.0	0.0	1.44757364606	0.0	0.0	0.0	2.29272663952	1.85539283273	0.0	1.41592521843	0.0	0.0	0.0	0.0	0.0	0.0	0.0	0.0	0.0	0.0	0.0	1.74254226412	0.0	1.79722806427	1.20721318975	1.02537412436	0.0	0.0	0.0	0.0	0.0	2.10315180695	0.0	0.0	1.10572812879	0.0	0.0	0.0	0.0	0.0	0.0	0.0	1.00865471278	0.0	0.0	0.0	1.71445687012	0.0	0.0	0.0	0.0	1.04125059118	0.0	1.19388364868	0.0	2.03705574388	1.7420059053	0.0	0.0	0.0	0.0	0.0	0.0	0.0	0.0	0.0	0.0	0.0	0.0	0.0	0.0	0.0	0.0	0.0	2.178657411	0.0	0.0	0.0	0.0	0.0	2.10469803904	0.0	0.0	0.0	0.0	0.0	1.1608875153	0.0	0.0	0.0	0.0	0.0	0.0	0.0	0.0	0.0	0.0	0.0	0.0	0.0	0.0	0.0	0.0	0.0	0.0	1.07909009255
NFKB2	TF_Activity	0.0	0.0	0.0	0.0	0.0	0.0	1.18537701885	0.0	0.0	0.0	0.0	0.0	0.0	0.0	0.0	0.0	0.0	0.0	2.05323616404	0.0	0.0	0.0	0.0	0.0	0.0	0.0	0.0	0.0	1.37696045245	0.0	0.0	0.0	0.0	0.0	0.0	0.0	0.0	1.94452190023	0.0	0.0	0.0	0.0	0.0	0.0	0.0	0.0	3.12883912698	0.0	0.0	1.25084506221	0.0	0.0	0.0	0.0	1.63293778854	0.0	0.0	0.0	0.0	0.0	0.0	0.0	0.0	1.25319840226	0.0	0.0	0.0	0.0	0.0	0.0	0.0	0.0	0.0	0.0	0.0	0.0	0.0	0.0	1.14535215467	0.0	1.43342842289	0.0	0.0	0.0	0.0	0.0	1.05199226065	0.0	0.0	0.0	0.0	0.0	0.0	0.0	0.0	0.0	0.0	0.0	1.69290237494	0.0	0.0	0.0	0.0	0.0	0.0	0.0	0.0	0.0	0.0	1.64757075316	0.0	0.0	1.69579946503	0.0	0.0	0.0	1.12197731187	0.0	1.53947286233	0.0	0.0	0.0	0.0	0.0
MYB	TF_Activity	0.0	0.0	0.0	0.0	0.0	2.27401205762	0.0	0.0	0.0	0.0	2.98581843635	0.0	0.0	2.13872615623	0.0	0.0	0.0	0.0	0.0	2.27707962173	0.0	1.93203942327	0.0	1.50252713597	0.0	0.0	0.0	0.0	0.0	0.0	0.0	0.0	0.0	0.0	0.0	0.0	0.0	0.0	0.0	0.0	0.0	1.33859198128	0.0	1.190391917	0.0	1.11090294839	0.0	0.0	0.0	0.0	0.0	0.0	0.0	0.0	1.39768434776	1.58773711307	0.0	0.0	0.0	0.0	0.0	1.04648051042	0.0	0.0	0.0	0.0	0.0	1.56110350123	0.0	1.15061200106	0.0	0.0	2.17256275463	0.0	1.45240863104	0.0	0.0	0.0	0.0	0.0	0.0	0.0	1.1404742243	0.0	0.0	0.0	0.0	0.0	0.0	0.0	0.0	0.0	0.0	1.16782527546	0.0	0.0	2.14511715746	0.0	0.0	0.0	0.0	0.0	0.0	0.0	1.1256513719	0.0	0.0	0.0	0.0	0.0	0.0	0.0	0.0	0.0	0.0	0.0	0.0	0.0	0.0	0.0	0.0	0.0	0.0	0.0
DDIT3	TF_Activity	0.0	0.0	0.0	0.0	0.0	0.0	0.0	0.0	1.28141681377	0.0	0.0	1.9289802861	0.0	0.0	0.0	0.0	1.70376454863	0.0	0.0	0.0	0.0	0.0	0.0	0.0	0.0	0.0	0.0	0.0	1.61743959896	0.0	0.0	0.0	0.0	0.0	0.0	0.0	1.79458334086	0.0	0.0	0.0	2.22958743359	0.0	0.0	0.0	0.0	1.25194186197	2.34141421344	0.0	0.0	0.0	1.67578079334	2.10264332177	0.0	0.0	0.0	0.0	2.26191606994	0.0	0.0	0.0	0.0	0.0	1.12739289264	0.0	0.0	1.12518389354	0.0	0.0	2.06446852408	0.0	0.0	0.0	0.0	0.0	0.0	0.0	0.0	0.0	0.0	0.0	0.0	0.0	0.0	0.0	0.0	0.0	0.0	1.02207473026	1.39694694413	0.0	0.0	0.0	0.0	1.35973617047	0.0	0.0	0.0	0.0	0.0	1.35768583291	0.0	0.0	0.0	0.0	0.0	0.0	0.0	0.0	0.0	0.0	0.0	0.0	0.0	0.0	0.0	0.0	1.4556847526	0.0	1.26613218867	0.0	0.0	1.9073248186	0.0	0.0
SRF	TF_Activity	0.0	0.0	0.0	0.0	0.0	0.0	0.0	0.0	0.0	1.97810729463	0.0	0.0	0.0	0.0	0.0	0.0	0.0	0.0	1.49261440187	0.0	1.08892590837	0.0	0.0	0.0	0.0	0.0	0.0	1.1053214126	2.20648696075	0.0	0.0	0.0	1.35896349844	1.06183217281	0.0	0.0	0.0	0.0	1.66628314338	0.0	1.94118049002	0.0	0.0	0.0	0.0	0.0	1.20943081283	1.00936685282	0.0	0.0	0.0	0.0	0.0	0.0	0.0	0.0	0.0	1.04185932926	0.0	0.0	0.0	0.0	0.0	1.39913208808	0.0	0.0	0.0	0.0	1.58427833195	0.0	1.1872303996	0.0	0.0	0.0	0.0	0.0	0.0	0.0	0.0	1.45900377554	0.0	0.0	0.0	0.0	1.07007576163	0.0	0.0	0.0	0.0	0.0	0.0	0.0	0.0	0.0	1.04452892823	0.0	0.0	0.0	0.0	0.0	1.46740836163	0.0	0.0	0.0	0.0	0.0	0.0	0.0	0.0	1.58167836194	0.0	0.0	0.0	0.0	0.0	0.0	0.0	1.17108172346	0.0	0.0	0.0	0.0	0.0	0.0
CREB3L4	TF_Activity	0.0	0.0	0.0	1.16656452495	0.0	0.0	0.0	0.0	1.12665898729	0.0	0.0	0.0	0.0	0.0	0.0	0.0	0.0	1.17903071499	0.0	0.0	0.0	0.0	0.0	0.0	0.0	0.0	0.0	0.0	0.0	0.0	0.0	0.0	0.0	0.0	1.45369082943	0.0	0.0	1.38419942003	0.0	0.0	0.0	0.0	0.0	0.0	0.0	1.01193020172	0.0	0.0	1.40787609968	0.0	0.0	2.53894934595	0.0	1.66338145645	0.0	0.0	0.0	0.0	0.0	0.0	0.0	0.0	0.0	0.0	0.0	1.04888490748	0.0	1.00637714866	0.0	0.0	0.0	0.0	1.15891037806	0.0	0.0	0.0	0.0	0.0	2.03589125543	0.0	1.08384651312	0.0	0.0	0.0	0.0	0.0	0.0	0.0	0.0	0.0	0.0	0.0	0.0	0.0	0.0	0.0	0.0	0.0	0.0	0.0	1.04079737123	0.0	2.13794616039	0.0	0.0	0.0	1.11937862015	1.01039154484	0.0	0.0	0.0	0.0	0.0	0.0	1.02963492665	0.0	2.24134024362	0.0	1.29807270388	0.0	0.0	0.0	1.54925260548	0.0
RBL2	TF_Activity	0.0	0.0	0.0	0.0	0.0	0.0	0.0	0.0	0.0	0.0	0.0	0.0	0.0	2.37102779279	0.0	0.0	0.0	0.0	0.0	0.0	0.0	2.09492220303	1.31108200806	0.0	0.0	0.0	0.0	0.0	0.0	1.71536292819	0.0	1.56759607125	0.0	0.0	0.0	0.0	1.73280004299	0.0	0.0	0.0	0.0	0.0	0.0	1.33474812941	0.0	0.0	0.0	0.0	1.44302882764	0.0	1.38031422242	0.0	0.0	0.0	0.0	1.56370471232	1.21125366891	0.0	0.0	0.0	0.0	0.0	1.43653528987	0.0	0.0	1.81302049848	0.0	2.20876867636	0.0	0.0	0.0	0.0	0.0	0.0	0.0	0.0	0.0	0.0	0.0	0.0	0.0	1.63751602909	0.0	0.0	0.0	0.0	0.0	0.0	0.0	0.0	0.0	0.0	0.0	1.10791623892	0.0	0.0	1.29558048714	0.0	0.0	0.0	0.0	0.0	0.0	0.0	0.0	0.0	0.0	0.0	0.0	0.0	0.0	0.0	0.0	0.0	2.10981256794	0.0	0.0	1.12099732405	0.0	0.0	0.0	0.0	0.0	0.0
CREB5	TF_Activity	0.0	0.0	1.19819231326	0.0	0.0	0.0	0.0	1.40697193617	0.0	0.0	0.0	2.34266239497	0.0	0.0	0.0	0.0	1.68168371757	0.0	0.0	0.0	0.0	0.0	0.0	0.0	1.6844069824	0.0	0.0	0.0	1.38078479083	1.08099500086	0.0	0.0	0.0	0.0	0.0	0.0	1.34705588331	0.0	0.0	0.0	0.0	0.0	0.0	0.0	0.0	0.0	1.19380619751	0.0	0.0	0.0	0.0	0.0	0.0	0.0	0.0	0.0	0.0	0.0	0.0	1.34203550764	0.0	1.07514007262	0.0	0.0	0.0	0.0	0.0	1.04133372112	0.0	0.0	1.32829276386	0.0	0.0	0.0	0.0	0.0	1.31288009369	0.0	0.0	0.0	0.0	0.0	0.0	0.0	0.0	0.0	0.0	0.0	0.0	0.0	0.0	0.0	1.66728037897	0.0	0.0	0.0	0.0	1.2929130586	0.0	0.0	0.0	0.0	0.0	0.0	0.0	1.72481265375	0.0	0.0	0.0	0.0	2.12131765371	0.0	1.63700307012	0.0	0.0	0.0	0.0	0.0	0.0	0.0	0.0	0.0	0.0	1.2333179406
CREB3	TF_Activity	0.0	1.28443990162	0.0	1.37334929316	0.0	0.0	1.47079106852	0.0	0.0	0.0	0.0	0.0	0.0	0.0	0.0	0.0	0.0	1.43050176978	0.0	0.0	0.0	0.0	0.0	0.0	0.0	0.0	0.0	0.0	0.0	1.32465396351	0.0	1.70258311284	0.0	0.0	0.0	1.06806797317	0.0	0.0	0.0	0.0	0.0	0.0	0.0	0.0	0.0	2.02015576557	0.0	0.0	0.0	0.0	0.0	2.52321398017	0.0	0.0	0.0	0.0	0.0	0.0	0.0	0.0	0.0	0.0	1.50956728485	0.0	0.0	0.0	1.24830760461	0.0	0.0	0.0	0.0	0.0	0.0	0.0	0.0	1.44189808216	0.0	0.0	2.19879808306	0.0	0.0	0.0	0.0	0.0	0.0	0.0	0.0	0.0	0.0	0.0	1.10387558306	0.0	0.0	0.0	0.0	0.0	0.0	0.0	0.0	0.0	0.0	0.0	2.23459527369	0.0	0.0	0.0	0.0	0.0	0.0	0.0	0.0	1.08044027877	1.45655125089	0.0	0.0	0.0	2.71969667627	0.0	2.10100854166	0.0	0.0	0.0	1.53182695141	0.0
RXRA	TF_Activity	0.0	0.0	0.0	0.0	0.0	0.0	1.30392623268	0.0	0.0	0.0	0.0	0.0	0.0	0.0	0.0	0.0	0.0	0.0	0.0	0.0	0.0	2.06876975671	0.0	1.02056560102	0.0	0.0	1.14649321964	0.0	0.0	1.23447501153	0.0	0.0	1.00596575986	0.0	0.0	0.0	0.0	0.0	0.0	0.0	0.0	0.0	0.0	1.24441507165	0.0	1.53330777968	0.0	0.0	0.0	0.0	0.0	0.0	0.0	0.0	0.0	0.0	0.0	2.29996815366	0.0	0.0	0.0	0.0	0.0	0.0	0.0	0.0	0.0	0.0	0.0	0.0	0.0	2.02353056558	0.0	2.6334796512	0.0	0.0	0.0	0.0	1.3309195213	0.0	1.33842494044	0.0	1.1068741817	0.0	1.28890379571	0.0	0.0	0.0	1.6282599998	0.0	0.0	0.0	0.0	0.0	0.0	1.0886138393	1.58943205181	0.0	0.0	0.0	0.0	0.0	0.0	0.0	0.0	0.0	0.0	0.0	0.0	1.26729685665	0.0	0.0	0.0	0.0	1.53882415992	0.0	0.0	1.62852083691	0.0	0.0	0.0	0.0	0.0	0.0
CREB1	TF_Activity	1.3204112398	0.0	0.0	0.0	0.0	1.60214563599	0.0	0.0	0.0	0.0	0.0	0.0	1.11125286152	2.09385340053	0.0	0.0	0.0	0.0	0.0	1.59682048267	0.0	0.0	0.0	0.0	1.569836783	0.0	0.0	0.0	0.0	0.0	0.0	0.0	0.0	0.0	0.0	0.0	0.0	0.0	1.66487631252	1.86216088469	0.0	0.0	1.85949840793	0.0	0.0	0.0	0.0	0.0	0.0	0.0	1.69229418294	0.0	0.0	0.0	0.0	2.35719079353	0.0	0.0	0.0	0.0	0.0	1.15617648652	0.0	0.0	1.20601503864	0.0	0.0	2.04009710786	0.0	1.53684951259	0.0	0.0	1.4369718593	0.0	0.0	0.0	0.0	0.0	0.0	0.0	0.0	0.0	0.0	0.0	0.0	0.0	0.0	0.0	0.0	0.0	0.0	0.0	0.0	0.0	0.0	0.0	1.38787188274	0.0	0.0	0.0	0.0	0.0	0.0	0.0	0.0	0.0	0.0	0.0	0.0	0.0	0.0	0.0	0.0	0.0	0.0	1.01972782293	0.0	0.0	0.0	0.0	1.48401529599	0.0	0.0	0.0
HIF1A	TF_Activity	1.31801685152	0.0	1.17479771354	0.0	0.0	0.0	0.0	2.07561062387	0.0	0.0	0.0	1.27142148739	0.0	0.0	0.0	0.0	3.10442429576	0.0	0.0	0.0	1.10476617107	0.0	0.0	0.0	0.0	0.0	0.0	0.0	0.0	0.0	0.0	1.27101705566	0.0	0.0	0.0	1.59323078505	2.55710332862	0.0	0.0	0.0	0.0	0.0	1.50290707003	0.0	0.0	0.0	1.37881039745	0.0	0.0	0.0	0.0	1.27827549594	0.0	0.0	0.0	0.0	1.10169876871	0.0	0.0	0.0	0.0	0.0	0.0	0.0	0.0	0.0	0.0	0.0	0.0	0.0	0.0	0.0	0.0	0.0	0.0	0.0	0.0	0.0	0.0	0.0	0.0	0.0	0.0	0.0	0.0	0.0	0.0	0.0	0.0	0.0	0.0	0.0	0.0	0.0	0.0	0.0	0.0	0.0	0.0	0.0	0.0	0.0	0.0	0.0	0.0	1.08627800778	0.0	0.0	0.0	0.0	1.15602383141	1.23907343645	0.0	1.53801266316	0.0	2.58493619776	0.0	0.0	0.0	0.0	0.0	1.14955512741	0.0	0.0
RELB	TF_Activity	0.0	0.0	0.0	0.0	0.0	0.0	1.59993646629	0.0	0.0	0.0	0.0	0.0	0.0	0.0	0.0	0.0	1.92952853945	0.0	1.53773125008	0.0	0.0	0.0	0.0	0.0	0.0	0.0	0.0	0.0	1.86439313132	0.0	0.0	0.0	0.0	1.10663703738	0.0	0.0	1.03444194	1.41319965926	0.0	0.0	0.0	0.0	0.0	0.0	0.0	0.0	2.92448565744	0.0	0.0	0.0	0.0	0.0	0.0	0.0	0.0	0.0	0.0	0.0	0.0	0.0	0.0	0.0	0.0	1.04734560551	0.0	0.0	0.0	0.0	1.28170136191	0.0	0.0	0.0	0.0	0.0	0.0	0.0	0.0	0.0	0.0	0.0	1.47929643482	1.23066469776	0.0	0.0	0.0	0.0	0.0	0.0	0.0	0.0	0.0	0.0	0.0	0.0	0.0	0.0	0.0	0.0	0.0	0.0	1.2220511763	0.0	0.0	0.0	0.0	0.0	0.0	0.0	0.0	1.86412346194	0.0	0.0	0.0	0.0	0.0	0.0	0.0	0.0	1.11535327013	0.0	0.0	0.0	0.0	0.0
RELA	TF_Activity	0.0	0.0	1.80797834295	0.0	0.0	0.0	0.0	0.0	0.0	0.0	0.0	0.0	0.0	0.0	0.0	0.0	1.04964823403	2.15035155064	1.18468235656	0.0	0.0	0.0	0.0	0.0	0.0	0.0	0.0	0.0	0.0	0.0	0.0	1.05153663123	0.0	0.0	1.76293328168	0.0	0.0	1.78961545571	0.0	0.0	0.0	0.0	0.0	0.0	0.0	0.0	0.0	1.05421740988	1.0998651699	0.0	0.0	0.0	0.0	1.19806537472	2.40245495526	0.0	1.3571652233	0.0	0.0	0.0	0.0	0.0	0.0	0.0	0.0	1.23631574563	0.0	0.0	0.0	0.0	0.0	0.0	0.0	0.0	0.0	1.47449512269	0.0	0.0	0.0	0.0	0.0	0.0	0.0	1.69758786251	0.0	0.0	0.0	0.0	0.0	0.0	0.0	0.0	0.0	0.0	0.0	1.52803172788	0.0	0.0	0.0	0.0	0.0	0.0	1.43597172727	0.0	0.0	0.0	0.0	0.0	0.0	0.0	0.0	0.0	0.0	1.2032908584	0.0	0.0	0.0	0.0	2.46323466259	1.55630865572	0.0	0.0	0.0	0.0
TP53	TF_Activity	0.0	0.0	2.35992634516	0.0	0.0	0.0	0.0	0.0	0.0	0.0	0.0	1.22409207379	1.45586143276	0.0	0.0	0.0	1.44267003628	0.0	2.25536838813	0.0	0.0	0.0	0.0	0.0	0.0	0.0	0.0	0.0	0.0	0.0	0.0	0.0	0.0	0.0	0.0	2.43214995106	0.0	0.0	0.0	0.0	0.0	0.0	1.13700399087	0.0	0.0	0.0	1.47060722566	0.0	0.0	0.0	0.0	0.0	0.0	0.0	0.0	0.0	0.0	0.0	0.0	0.0	0.0	0.0	0.0	0.0	0.0	0.0	0.0	0.0	0.0	0.0	0.0	0.0	0.0	0.0	0.0	0.0	0.0	0.0	0.0	0.0	0.0	0.0	0.0	0.0	0.0	0.0	1.29851919671	0.0	0.0	1.39619261199	0.0	0.0	0.0	0.0	1.79626395077	0.0	0.0	0.0	0.0	1.06415449187	0.0	0.0	0.0	0.0	0.0	1.40428736657	0.0	0.0	0.0	0.0	1.21668009474	0.0	0.0	0.0	0.0	0.0	0.0	0.0	0.0	1.2491746366	0.0	0.0	0.0	0.0
MAX	TF_Activity	1.72362572402	0.0	0.0	0.0	0.0	1.86260639338	0.0	0.0	0.0	0.0	2.1919442179	0.0	1.11533841419	0.0	0.0	1.05438924883	0.0	0.0	0.0	0.0	0.0	0.0	0.0	0.0	0.0	2.13225022004	0.0	0.0	0.0	0.0	0.0	0.0	0.0	0.0	0.0	0.0	0.0	1.06007101191	0.0	0.0	0.0	0.0	0.0	0.0	0.0	0.0	0.0	0.0	0.0	0.0	0.0	0.0	0.0	0.0	0.0	0.0	0.0	0.0	1.7422406661	0.0	0.0	0.0	0.0	0.0	0.0	0.0	0.0	0.0	0.0	0.0	0.0	0.0	1.44262720761	0.0	0.0	0.0	1.48043164158	1.38645651073	0.0	0.0	0.0	0.0	0.0	0.0	0.0	0.0	0.0	0.0	0.0	0.0	0.0	0.0	0.0	0.0	0.0	0.0	0.0	0.0	0.0	0.0	0.0	1.20942778983	1.30737495755	0.0	0.0	0.0	0.0	1.53325769085	0.0	0.0	0.0	0.0	1.63114884507	0.0	0.0	0.0	0.0	0.0	0.0	0.0	0.0	0.0	0.0	0.0
MEF2C	TF_Activity	0.0	2.1045620805	0.0	0.0	0.0	2.20622949287	0.0	0.0	0.0	0.0	0.0	0.0	0.0	0.0	0.0	0.0	0.0	0.0	0.0	0.0	0.0	0.0	0.0	0.0	0.0	1.33958983084	0.0	0.0	0.0	0.0	0.0	0.0	0.0	0.0	0.0	0.0	0.0	0.0	0.0	2.35336600707	0.0	0.0	0.0	0.0	0.0	0.0	0.0	0.0	0.0	0.0	0.0	0.0	0.0	0.0	0.0	0.0	0.0	0.0	1.32594464966	1.07051696864	0.0	0.0	0.0	1.40102922244	0.0	0.0	1.03603536261	1.48217009675	0.0	0.0	0.0	0.0	0.0	1.84502717829	0.0	1.50835370351	0.0	0.0	0.0	0.0	0.0	1.2286011309	0.0	0.0	0.0	0.0	0.0	0.0	0.0	2.19186483226	0.0	0.0	1.64840166941	0.0	2.13248826302	0.0	1.23365593918	2.37794646788	0.0	0.0	0.0	0.0	1.08683460599	1.2644998229	1.02689731842	1.22056934187	0.0	0.0	0.0	0.0	0.0	0.0	0.0	0.0	1.27984503424	1.39779324269	0.0	0.0	0.0	0.0	0.0	0.0	0.0	0.0
CREB3L3	TF_Activity	0.0	0.0	0.0	0.0	0.0	0.0	1.54955563989	0.0	0.0	0.0	0.0	0.0	0.0	0.0	0.0	0.0	0.0	0.0	0.0	0.0	0.0	1.06945690775	0.0	0.0	2.88084299436	0.0	0.0	1.28853511055	0.0	0.0	0.0	0.0	0.0	1.78425833983	0.0	0.0	0.0	0.0	0.0	1.61353567327	0.0	0.0	0.0	0.0	0.0	0.0	1.68772215976	0.0	0.0	2.81887793725	0.0	0.0	1.21629140213	0.0	0.0	0.0	0.0	0.0	0.0	0.0	0.0	0.0	0.0	0.0	0.0	0.0	0.0	0.0	0.0	1.38595304854	1.67259357264	1.35626256406	0.0	1.19448053036	0.0	0.0	0.0	0.0	0.0	0.0	0.0	0.0	0.0	0.0	1.33320659019	0.0	0.0	0.0	0.0	0.0	0.0	0.0	0.0	0.0	0.0	0.0	0.0	0.0	0.0	0.0	0.0	0.0	0.0	2.06943837607	0.0	0.0	0.0	0.0	0.0	0.0	0.0	0.0	0.0	0.0	0.0	0.0	0.0	0.0	1.51173572814	0.0	1.71281000997	0.0	0.0	0.0
ELK1	TF_Activity	0.0	0.0	1.12556669938	0.0	1.19544523364	0.0	0.0	0.0	0.0	0.0	0.0	1.10361203972	0.0	0.0	0.0	0.0	1.2794049882	0.0	1.73741124193	0.0	0.0	0.0	0.0	0.0	0.0	0.0	0.0	0.0	1.9915868873	0.0	0.0	0.0	0.0	0.0	0.0	1.14358723441	0.0	0.0	0.0	0.0	0.0	0.0	0.0	0.0	0.0	0.0	2.06496955186	1.33255166394	0.0	0.0	0.0	1.74820008369	0.0	1.09867770962	1.71087271716	0.0	0.0	0.0	0.0	0.0	0.0	0.0	0.0	0.0	0.0	1.62464179978	0.0	0.0	0.0	0.0	1.24067369134	0.0	0.0	0.0	0.0	0.0	0.0	0.0	1.34305786836	0.0	0.0	0.0	0.0	1.06519255037	1.07120674854	0.0	0.0	0.0	0.0	0.0	0.0	0.0	0.0	1.22481291323	1.31932871443	0.0	0.0	0.0	0.0	0.0	0.0	0.0	0.0	0.0	0.0	0.0	0.0	0.0	1.02174122035	0.0	0.0	2.0718607127	1.10762305019	0.0	0.0	0.0	0.0	0.0	0.0	1.44436257358	0.0	0.0	0.0	0.0
ELK4	TF_Activity	0.0	0.0	0.0	0.0	0.0	0.0	0.0	0.0	0.0	0.0	0.0	0.0	0.0	0.0	0.0	0.0	2.81463113576	0.0	0.0	0.0	2.56856147433	0.0	0.0	0.0	2.35389274693	0.0	0.0	0.0	0.0	0.0	0.0	1.11805700774	0.0	0.0	0.0	0.0	2.52449260878	0.0	0.0	0.0	0.0	0.0	1.61082197675	1.02740783457	0.0	0.0	1.45297250193	0.0	0.0	0.0	0.0	0.0	0.0	0.0	0.0	0.0	1.38063852693	0.0	0.0	2.12432808423	0.0	0.0	0.0	0.0	0.0	1.00576395663	0.0	1.05611774918	0.0	0.0	0.0	0.0	0.0	0.0	0.0	2.11505379982	0.0	0.0	0.0	0.0	0.0	1.02570799894	0.0	0.0	0.0	0.0	0.0	0.0	0.0	0.0	0.0	0.0	1.52181299086	0.0	0.0	0.0	0.0	0.0	0.0	0.0	0.0	0.0	0.0	0.0	0.0	1.02654232048	0.0	0.0	0.0	0.0	0.0	1.04850871503	0.0	1.11725264679	0.0	1.05155335388	0.0	0.0	0.0	1.53237771904	1.0495906732	0.0	0.0	1.76597769138
ATF4	TF_Activity	1.32191544691	0.0	0.0	1.92156893906	0.0	0.0	0.0	0.0	0.0	0.0	0.0	1.54554520632	0.0	0.0	0.0	0.0	1.35252393663	0.0	1.2939376057	0.0	0.0	0.0	0.0	0.0	0.0	0.0	0.0	0.0	1.98110132714	0.0	0.0	0.0	1.65444595015	0.0	0.0	1.42612882542	0.0	0.0	0.0	0.0	2.8628324922	0.0	0.0	0.0	0.0	0.0	2.35774729264	0.0	0.0	0.0	0.0	1.86721109374	0.0	0.0	0.0	0.0	0.0	0.0	0.0	0.0	0.0	0.0	0.0	0.0	0.0	0.0	0.0	0.0	0.0	0.0	0.0	0.0	0.0	0.0	0.0	0.0	0.0	0.0	1.20182438214	0.0	0.0	0.0	0.0	0.0	0.0	0.0	0.0	0.0	0.0	0.0	0.0	0.0	0.0	0.0	1.61278086102	1.13347066488	0.0	0.0	0.0	0.0	0.0	0.0	1.33969195996	0.0	0.0	0.0	0.0	0.0	0.0	0.0	0.0	0.0	1.04530827368	1.1584539104	0.0	0.0	0.0	0.0	0.0	0.0	0.0	1.91905113762	1.18477022899	0.0
ATF6B	TF_Activity	0.0	0.0	0.0	0.0	0.0	0.0	1.21495203093	0.0	0.0	0.0	0.0	0.0	0.0	0.0	1.54700441992	0.0	0.0	0.0	0.0	0.0	0.0	0.0	1.45810667691	0.0	0.0	0.0	0.0	0.0	0.0	0.0	0.0	0.0	1.48405877497	0.0	0.0	0.0	0.0	0.0	0.0	1.61738036706	2.50624173068	0.0	0.0	0.0	0.0	0.0	0.0	0.0	0.0	0.0	1.3386226	0.0	0.0	0.0	0.0	0.0	0.0	0.0	0.0	0.0	0.0	1.49852848869	0.0	0.0	0.0	0.0	0.0	0.0	2.99628339778	0.0	1.34526599463	0.0	1.39771332088	0.0	0.0	0.0	0.0	0.0	1.21010332728	1.44674891332	0.0	0.0	1.13597064205	0.0	0.0	0.0	0.0	1.79000623742	1.49996664297	0.0	0.0	0.0	0.0	0.0	0.0	0.0	1.47491720484	0.0	0.0	0.0	1.39339592515	0.0	0.0	0.0	0.0	0.0	0.0	0.0	0.0	2.0831526021	0.0	0.0	0.0	0.0	2.1494204281	0.0	0.0	0.0	0.0	0.0	0.0	0.0	0.0	0.0
BCL6	TF_Activity	0.0	0.0	0.0	0.0	0.0	0.0	0.0	0.0	0.0	0.0	0.0	0.0	0.0	0.0	0.0	1.31658890894	0.0	0.0	0.0	0.0	1.44952509846	0.0	0.0	0.0	0.0	0.0	1.18129209574	0.0	0.0	2.64093219638	0.0	0.0	0.0	0.0	0.0	0.0	0.0	0.0	0.0	1.17913856845	0.0	1.68737666786	1.59510067254	1.63545615049	0.0	0.0	0.0	0.0	0.0	0.0	0.0	0.0	0.0	0.0	0.0	0.0	0.0	1.0642734948	0.0	0.0	0.0	1.57036084683	0.0	1.3703078561	0.0	0.0	0.0	2.04124669241	0.0	0.0	0.0	0.0	0.0	0.0	0.0	0.0	0.0	0.0	0.0	0.0	0.0	2.4950577671	1.09507774836	0.0	0.0	0.0	0.0	0.0	0.0	0.0	0.0	0.0	0.0	0.0	0.0	0.0	1.37131393203	0.0	0.0	0.0	1.10148390985	0.0	0.0	0.0	0.0	1.22518069796	0.0	0.0	0.0	0.0	1.48736736601	0.0	0.0	0.0	0.0	0.0	0.0	0.0	0.0	0.0	0.0	0.0	0.0	0.0
ECSIT	TF_Activity	0.0	0.0	0.0	0.0	1.2446324587	1.12674544783	0.0	0.0	0.0	1.90265280078	0.0	0.0	0.0	0.0	2.3163272572	0.0	0.0	1.80168989666	0.0	0.0	0.0	0.0	0.0	1.17552314513	0.0	1.01872537441	0.0	0.0	3.00913824473	0.0	1.97038848593	0.0	1.3833049794	1.45381491394	0.0	0.0	0.0	0.0	0.0	0.0	0.0	0.0	0.0	0.0	0.0	0.0	0.0	0.0	0.0	0.0	0.0	0.0	0.0	0.0	0.0	0.0	0.0	1.3543302754	0.0	0.0	1.45912932742	0.0	1.45588100418	0.0	0.0	0.0	0.0	0.0	0.0	0.0	0.0	0.0	0.0	0.0	0.0	0.0	1.14428296701	1.36540845972	0.0	1.0926424517	0.0	0.0	0.0	0.0	0.0	0.0	0.0	1.69795411448	0.0	0.0	0.0	1.12930051495	0.0	0.0	2.20061019788	0.0	0.0	0.0	0.0	0.0	0.0	0.0	0.0	0.0	0.0	0.0	1.76692191705	0.0	0.0	0.0	0.0	0.0	1.60273730521	0.0	0.0	0.0	0.0	0.0	0.0	0.0	0.0	1.36842512768	0.0	1.12987767737
